97|78|7|-80|-60|31|-78|73|73|-10|-53|38|15|-51|17|61|-25|63|8|99|-10|97|-5|-35|-44|19|-29|-39|-57|-90
-53|-70|-78|-58|-43|-44|-32|-41|-62|66|-38|4|-4|86|56|-18|-24|43|-75|-41|-75|-19|29|-6|-33|66|-5|-94|65|-23
-15|58|-85|59|73|-29|41|-27|-27|-56|-98|87|30|18|-54|-86|-45|79|38|-63|-52|-30|-23|-89|-55|-28|-65|-74|-50|3
-45|-52|81|19|-77|91|76|4|39|15|-27|13|96|7|-91|-87|16|7|-17|96|-20|42|82|-44|6|-75|81|20|-9|27
-56|97|88|56|21|38|52|-19|-96|78|-40|33|-7|94|56|-4|-16|-20|-36|-91|-57|96|8|-24|87|-83|72|-28|24|56
32|91|88|97|40|48|-32|-46|49|1|-26|-34|-59|69|-94|87|-72|-55|-100|73|-62|-69|71|31|-41|-2|94|40|-62|-60
-66|59|11|96|2|5|31|-32|-23|-10|-36|-30|-19|-30|-50|10|-45|-49|-51|-89|-26|97|-80|33|20|86|-70|7|65|42
43|-25|-38|-78|7|-12|32|87|-2|-20|78|48|93|51|-94|42|-90|-18|61|-37|51|-17|-29|14|-72|0|-25|46|40|4
18|97|-52|70|22|-96|-89|77|-57|-45|53|20|-4|-11|77|48|38|-79|-12|98|-22|34|42|86|-68|41|-39|-38|15|-86
-71|-2|-27|82|66|82|-76|-81|55|4|50|36|-46|-55|-40|-59|33|-74|27|-77|75|-88|99|90|70|30|35|-32|6|77
-61|-2|82|15|-50|24|-45|-24|96|-72|32|-32|14|82|73|4|-93|76|-26|-40|-6|-75|-5|-27|40|-16|87|-95|9|16
-49|78|62|74|85|-97|74|-20|-60|-93|64|-57|44|-60|-33|12|69|54|39|-34|36|-63|34|-19|-38|53|-12|50|-81|68
-10|48|-55|9|-23|13|90|94|-27|-44|66|-41|-84|45|55|18|-87|19|27|20|-9|69|-50|20|80|-56|-76|-12|19|59
-88|75|1|-2|29|-97|-29|-92|26|-97|-42|88|-41|58|-5|-64|37|-35|-32|-95|14|20|13|-6|-5|-8|-13|-68|-17|25
20|75|-38|16|43|57|33|-55|-49|-82|67|-44|92|-73|61|87|91|-7|38|60|0|-32|61|-20|-83|-6|11|23|-10|-87
-70|64|-35|37|-18|94|-98|-68|-2|-11|72|-38|8|-61|-8|-4|-26|84|76|64|49|-6|-40|-49|62|39|11|-80|91|88
11|-16|7|-36|-35|50|-91|79|44|2|66|52|-51|46|-98|-73|92|46|-33|31|-13|-59|27|37|-41|-81|-61|42|66|-98
-90|-83|-72|-57|-78|-90|25|-11|-99|-42|-99|97|86|78|-91|-27|81|-93|-79|-86|-71|-52|-18|-69|7|92|16|98|-76|-62
-12|64|-62|80|-65|-79|86|-33|-93|81|-13|23|-76|-21|-68|27|-29|-21|30|68|90|-39|-68|34|-24|75|-23|59|-14|-16
53|12|48|-60|-91|67|-85|-20|75|-10|-61|-88|-28|-15|-58|32|65|-19|-84|-72|-91|-23|27|18|-48|95|24|65|96|-97
-91|18|-24|-68|-13|-45|95|-51|9|52|-95|43|-56|-33|56|53|-16|-90|-55|-94|41|-66|-26|98|59|-94|-9|18|2|-38
33|-7|-39|-82|-91|-97|34|-94|-73|-13|56|-84|-37|-21|69|80|20|-85|-23|20|68|89|-13|40|-53|-47|66|94|-61|-50
-40|-25|96|-25|19|25|82|-76|-40|60|36|-29|-28|95|74|-72|-34|10|46|70|-13|21|-70|47|78|-74|-10|-48|43|39
57|37|-56|35|27|-54|-46|91|-70|-92|95|71|-45|98|-31|22|30|36|-93|-76|-20|-23|-85|-71|-40|62|79|42|-36|-12
6|-12|0|-48|19|-38|58|79|16|88|-90|-94|89|79|-77|-80|31|-73|-23|-31|59|28|59|58|64|3|80|21|-2|46
-53|-56|25|-39|-80|13|25|-20|-61|-33|19|-61|-35|-9|4|40|-50|91|-56|95|-71|-22|92|15|59|36|-88|-6|43|-82
-15|24|-53|95|70|-2|-79|-72|-99|-19|-39|82|6|72|-31|-99|28|30|-30|43|-42|50|-44|67|-63|-15|-95|-50|60|15
16|-63|-48|19|-24|89|-60|-40|91|6|21|-75|1|-86|33|-75|-62|69|-1|-58|38|7|-60|-83|18|-20|47|-23|-15|85
-74|59|-75|-32|32|-59|-82|-91|32|-4|70|56|-35|-95|-40|46|-49|82|87|-43|-99|98|91|-45|-49|-30|-1|-13|-74|61
97|53|-29|91|52|-92|-61|21|80|84|-54|-70|-10|-70|84|-44|-49|-68|42|52|-28|21|-76|41|-49|-86|33|-54|99|68
